96.24
139.6
109.21066666666667
84.06666666666666
84.0
117.0
140.06666666666666
140.66222222222223
140.62251851851852
129.86675489711936
118.4
114.86666666666666
86.33333333333333
116.94444444444443
139.7333333333333
97.98251851851852
82.06666666666666
81.53333333333333
84.66666666666667
81.86666666666666
142.52167832167834
135.11999999999998
117.13333333333334
112.8
140.13333333333333
140.06666666666666
140.66222222222223
140.62251851851852
133.14172181069958
132.77333333333334
114.26666666666667
136.46666666666667
139.33333333333334
140.25925925925924
140.6493827160494
140.6233744855967
140.62510836762692
140.62499277549153
140.6250004816339
140.62499996789109
140.62500000214058
140.62499999985727
140.6250000000095
140.62499999999935
140.62500000000003
140.62499999999997
140.62500000000003
140.625
140.625
140.625
140.625
140.625
140.625
140.625
140.625
140.625
140.625
140.625
140.625
140.625
140.625
140.625
140.625
140.625
140.625
140.625
140.625
140.625
140.625
140.625
140.625
140.625
140.625
140.625
140.625
140.625
140.625
140.625
140.625
140.625
140.625
140.625
140.625
140.625
140.625
140.625
140.625
140.625
140.625
140.625
140.625
140.625
140.625
927.3833333333333
201.6
137.6
